0--1
1--2
2--3
3--4
4--5
5--6
6--7
7--8
8--9
9--10
10--11
11--12
12--13
13--14
14--15
15--16
16--17
17--18
18--19
19--20
20--21
21--22
22--23
23--24
24--25
25--26
26--27
27--28
28--29
29--30
30--31
31--32
32--33
33--34
34--35
35--36
36--37
37--38
38--39
39--40
40--41
41--42
42--43
43--44
44--45
45--46
46--47
47--48
48--49
49--50
50--51
51--52
52--53
53--54
54--55
55--56
56--57
57--58
58--59
59--60
60--61
61--62
62--63
63--64
64--65
65--66
66--67
67--68
68--69
69--70
70--71
71--72
72--73
73--74
74--75
75--76
76--77
77--78
78--79
79--80
80--81
81--82
82--83
83--84
84--85
85--86
86--87
87--88
88--89
89--90
90--91
91--92
92--93
93--94
94--95
95--96
96--97
97--98
98--99
99--0
-
0|(64.3967,-0.0683937)
1|(64.272,4.00639)
2|(63.8895,8.0668)
3|(63.2509,12.0942)
4|(62.3594,16.07)
5|(61.2198,19.9768)
6|(59.8384,23.7971)
7|(58.2225,27.515)
8|(56.3799,31.1166)
9|(54.3193,34.588)
10|(52.0507,37.9162)
11|(49.584,41.0893)
12|(46.9295,44.0969)
13|(44.0969,46.9295)
14|(41.0893,49.584)
15|(37.9162,52.0507)
16|(34.588,54.3193)
17|(31.1166,56.3799)
18|(27.515,58.2225)
19|(23.7971,59.8384)
20|(19.9768,61.2198)
21|(16.07,62.3594)
22|(12.0942,63.2509)
23|(8.0668,63.8895)
24|(4.00639,64.272)
25|(-0.0683937,64.3967)
26|(-4.13923,64.2635)
27|(-8.18826,63.8739)
28|(-12.2028,63.2298)
29|(-16.1657,62.3345)
30|(-20.0602,61.1925)
31|(-23.8701,59.8093)
32|(-27.5794,58.192)
33|(-31.1732,56.3486)
34|(-34.6371,54.288)
35|(-37.9583,52.02)
36|(-41.1249,49.5545)
37|(-44.1265,46.9018)
38|(-46.9534,44.0715)
39|(-49.6024,41.0672)
40|(-52.0637,37.8983)
41|(-54.3273,34.5756)
42|(-56.3831,31.1106)
43|(-58.2217,27.5166)
44|(-59.8341,23.8076)
45|(-61.2125,19.9989)
46|(-62.35,16.106)
47|(-63.2409,12.1455)
48|(-63.8808,8.13387)
49|(-64.2667,4.08825)
50|(-64.3967,0.0212385)
51|(-64.2693,-4.0494)
52|(-63.8846,-8.10542)
53|(-63.2443,-12.1283)
54|(-62.3518,-16.0996)
55|(-61.2116,-20.0019)
56|(-59.8301,-23.8179)
57|(-58.2146,-27.5317)
58|(-56.3727,-31.1295)
59|(-54.3133,-34.5975)
60|(-52.046,-37.9226)
61|(-49.581,-41.0929)
62|(-46.9285,-44.0981)
63|(-44.0981,-46.9285)
64|(-41.0929,-49.581)
65|(-37.9226,-52.046)
66|(-34.5975,-54.3133)
67|(-31.1295,-56.3727)
68|(-27.5317,-58.2146)
69|(-23.8179,-59.8301)
70|(-20.0019,-61.2116)
71|(-16.0996,-62.3518)
72|(-12.1283,-63.2443)
73|(-8.10542,-63.8846)
74|(-4.0494,-64.2693)
75|(0.0212385,-64.3967)
76|(4.08825,-64.2667)
77|(8.13387,-63.8808)
78|(12.1455,-63.2409)
79|(16.106,-62.35)
80|(19.9989,-61.2125)
81|(23.8076,-59.8341)
82|(27.5166,-58.2217)
83|(31.1106,-56.3831)
84|(34.5756,-54.3273)
85|(37.8983,-52.0637)
86|(41.0672,-49.6024)
87|(44.0715,-46.9534)
88|(46.9018,-44.1265)
89|(49.5545,-41.1249)
90|(52.02,-37.9583)
91|(54.288,-34.6371)
92|(56.3486,-31.1732)
93|(58.192,-27.5794)
94|(59.8093,-23.8701)
95|(61.1925,-20.0602)
96|(62.3345,-16.1657)
97|(63.2298,-12.2028)
98|(63.8739,-8.18826)
99|(64.2635,-4.13923)
^
50,50
