0--1
1--2
2--3
3--4
4--5
5--6
6--7
7--8
8--9
9--10
10--11
11--12
12--13
13--14
14--15
15--16
16--17
17--18
18--19
19--0
-
0|(36.1521,-0.178816)
1|(34.3295,11.4898)
2|(29.2838,21.2075)
3|(21.4788,29.303)
4|(11.0467,34.4651)
5|(0.178795,36.1521)
6|(-11.4898,34.3295)
7|(-21.2075,29.2838)
8|(-29.303,21.4788)
9|(-34.4651,11.0467)
10|(-36.1521,0.17881)
11|(-34.3295,-11.4898)
12|(-29.2838,-21.2075)
13|(-21.4788,-29.303)
14|(-11.0466,-34.4651)
15|(-0.178761,-36.1521)
16|(11.4898,-34.3295)
17|(21.2075,-29.2838)
18|(29.303,-21.4788)
19|(34.4651,-11.0467)
^
50,50
